0 1 12
0 2 92
0 4 70
0 5 58
0 6 4
0 7 30
0 8 18
0 11 61
0 13 32
0 14 30
0 15 46
0 16 96
0 18 33
0 19 53
0 20 43
0 21 17
0 22 40
0 23 86
0 24 32
0 25 88
0 27 72
0 28 51
0 29 41
0 30 81
0 31 23
0 33 7
0 34 27
0 35 52
0 36 1
0 37 42
0 38 37
0 39 21
0 40 79
0 41 2
0 43 10
0 44 98
0 46 66
0 47 1
0 48 57
0 50 56
0 53 19
0 55 7
0 57 64
0 58 90
0 59 66
0 60 18
0 61 97
0 63 81
0 64 30
0 65 93
0 66 35
0 67 3
0 68 22
0 70 65
0 71 46
0 72 54
0 73 12
0 74 59
0 75 38
0 78 32
0 80 4
0 81 21
0 82 97
0 83 27
0 85 38
0 87 63
0 90 77
0 92 90
0 93 79
0 95 81
0 97 24
0 98 13
0 99 32
1 4 80
1 5 1
1 7 20
1 8 43
1 9 86
1 10 16
1 11 87
1 12 64
1 13 71
1 15 44
1 18 89
1 19 52
1 21 42
1 22 34
1 24 10
1 25 12
1 27 38
1 29 5
1 30 40
1 31 3
1 32 88
1 33 42
1 35 32
1 36 54
1 37 77
1 39 45
1 42 76
1 44 64
1 45 85
1 46 97
1 47 22
1 48 16
1 49 88
1 51 57
1 52 97
1 53 62
1 55 80
1 56 40
1 58 10
1 59 27
1 60 94
1 61 41
1 62 21
1 65 27
1 67 63
1 69 30
1 73 91
1 74 17
1 75 70
1 76 97
1 81 74
1 82 48
1 83 38
1 84 53
1 85 66
1 86 37
1 87 2
1 88 42
1 89 56
1 90 44
1 91 51
1 92 58
1 93 52
1 94 73
1 95 65
1 96 91
1 97 43
1 99 82
2 1 32
2 4 65
2 5 85
2 6 16
2 8 83
2 10 28
2 11 74
2 12 93
2 13 47
2 17 35
2 18 82
2 19 94
2 20 90
2 21 3
2 22 59
2 23 21
2 25 39
2 28 51
2 30 71
2 31 38
2 32 63
2 34 74
2 36 18
2 37 54
2 38 9
2 40 10
2 41 27
2 43 30
2 44 90
2 45 53
2 46 13
2 47 29
2 48 5
2 49 69
2 54 5
2 55 66
2 56 7
2 57 49
2 58 3
2 59 27
2 60 44
2 62 67
2 63 85
2 65 28
2 66 77
2 69 83
2 70 23
2 71 69
2 72 60
2 73 28
2 74 91
2 75 36
2 76 27
2 77 52
2 78 3
2 80 55
2 81 74
2 82 49
2 84 3
2 88 31
2 89 99
2 92 23
2 93 87
2 95 90
2 96 82
2 97 69
2 98 63
2 99 71
3 0 18
3 2 6
3 4 16
3 5 93
3 6 84
3 7 3
3 9 33
3 11 99
3 13 40
3 14 96
3 15 63
3 16 25
3 18 50
3 20 24
3 22 66
3 24 60
3 26 79
3 27 20
3 28 23
3 29 52
3 30 25
3 31 89
3 33 6
3 35 86
3 37 42
3 39 95
3 40 15
3 41 51
3 43 4
3 44 80
3 45 67
3 47 9
3 48 43
3 49 52
3 50 73
3 51 20
3 52 60
3 53 49
3 54 82
3 55 92
3 57 81
3 61 71
3 62 93
3 64 30
3 65 84
3 67 32
3 68 75
3 69 54
3 70 74
3 71 60
3 72 8
3 73 36
3 75 58
3 76 10
3 77 71
3 80 79
3 81 84
3 82 54
3 83 64
3 84 38
3 85 77
3 87 64
3 89 11
3 90 98
3 91 40
3 92 72
3 93 97
3 95 26
3 96 85
3 97 47
3 98 59
3 99 93
4 1 67
4 2 11
4 3 54
4 6 68
4 8 65
4 9 14
4 10 9
4 13 75
4 14 58
4 17 52
4 18 33
4 19 85
4 20 23
4 21 57
4 22 24
4 23 75
4 24 42
4 26 46
4 27 11
4 28 94
4 30 19
4 31 85
4 32 23
4 33 20
4 34 82
4 35 78
4 36 6
4 39 2
4 40 95
4 42 85
4 43 13
4 44 65
4 45 46
4 46 44
4 48 10
4 49 69
4 50 71
4 51 21
4 52 65
4 53 25
4 54 30
4 55 38
4 56 73
4 57 77
4 58 51
4 59 49
4 61 92
4 64 70
4 66 20
4 68 37
4 70 93
4 72 4
4 73 22
4 75 28
4 76 6
4 78 43
4 80 62
4 81 68
4 82 91
4 83 38
4 85 60
4 86 23
4 87 63
4 88 96
4 89 45
4 91 80
4 92 74
4 93 74
4 96 38
4 98 99
4 99 42
5 0 67
5 3 77
5 6 35
5 7 87
5 8 47
5 9 73
5 10 54
5 13 20
5 14 4
5 17 70
5 18 6
5 21 51
5 24 94
5 25 49
5 26 75
5 27 83
5 28 32
5 29 94
5 31 38
5 32 82
5 35 54
5 38 36
5 39 56
5 40 19
5 43 71
5 44 94
5 47 8
5 48 29
5 50 71
5 51 76
5 54 28
5 55 86
5 59 9
5 60 95
5 61 33
5 63 70
5 66 77
5 67 10
5 68 99
5 71 34
5 72 87
5 73 67
5 74 28
5 76 36
5 79 12
5 80 24
5 81 11
5 82 20
5 84 38
5 85 41
5 86 25
5 87 71
5 88 85
5 89 73
5 90 62
5 91 55
5 92 31
5 93 58
5 94 2
5 95 20
5 96 60
5 97 74
6 0 97
6 1 14
6 2 58
6 7 93
6 8 14
6 11 86
6 12 16
6 14 78
6 15 1
6 17 41
6 18 41
6 20 70
6 21 91
6 22 31
6 23 19
6 25 35
6 26 36
6 27 45
6 28 26
6 29 1
6 30 46
6 33 3
6 34 32
6 35 91
6 36 62
6 38 29
6 39 23
6 40 34
6 41 80
6 42 66
6 43 42
6 44 30
6 45 73
6 47 26
6 49 89
6 50 44
6 51 89
6 52 80
6 53 24
6 54 23
6 55 20
6 56 65
6 57 24
6 58 45
6 59 4
6 62 31
6 63 37
6 64 15
6 65 66
6 66 26
6 67 53
6 68 71
6 70 41
6 71 38
6 73 91
6 74 56
6 75 16
6 76 60
6 77 93
6 79 4
6 80 10
6 81 33
6 82 12
6 83 59
6 85 54
6 89 97
6 92 81
6 94 31
6 95 63
6 97 57
6 99 28
7 1 94
7 3 4
7 4 9
7 5 24
7 6 42
7 8 85
7 9 25
7 10 53
7 13 92
7 15 90
7 17 3
7 20 83
7 21 91
7 26 64
7 27 4
7 29 45
7 30 97
7 31 29
7 32 81
7 33 90
7 35 56
7 37 48
7 38 39
7 39 21
7 40 55
7 41 95
7 42 67
7 43 26
7 45 47
7 46 68
7 47 4
7 48 9
7 49 85
7 50 55
7 51 7
7 53 39
7 54 43
7 55 18
7 56 91
7 57 15
7 58 52
7 62 73
7 63 81
7 65 80
7 66 99
7 67 36
7 69 40
7 71 49
7 72 23
7 73 60
7 74 3
7 75 24
7 79 66
7 81 23
7 82 34
7 83 40
7 86 37
7 87 65
7 88 70
7 89 55
7 90 11
7 92 20
7 93 84
7 94 45
7 95 37
7 97 53
7 98 85
7 99 95
8 0 90
8 1 43
8 2 12
8 3 81
8 6 82
8 7 93
8 9 1
8 10 71
8 12 56
8 14 15
8 15 55
8 16 36
8 17 87
8 21 89
8 22 76
8 23 60
8 25 10
8 27 8
8 28 21
8 30 54
8 32 37
8 34 34
8 36 76
8 37 72
8 38 30
8 41 21
8 42 3
8 43 27
8 44 13
8 45 84
8 46 17
8 47 83
8 48 52
8 49 59
8 50 54
8 52 5
8 54 75
8 55 33
8 58 24
8 60 54
8 62 74
8 63 31
8 64 59
8 65 63
8 66 70
8 67 29
8 68 16
8 69 41
8 72 8
8 74 8
8 75 58
8 76 98
8 77 15
8 78 87
8 82 78
8 83 26
8 84 84
8 85 64
8 86 18
8 87 62
8 88 56
8 89 79
8 90 73
8 91 59
8 93 35
8 94 32
8 95 25
9 0 63
9 2 54
9 3 21
9 7 91
9 8 12
9 10 26
9 11 43
9 12 32
9 16 54
9 17 23
9 19 53
9 25 30
9 26 51
9 28 35
9 30 72
9 31 16
9 32 25
9 33 41
9 35 97
9 36 72
9 37 5
9 38 71
9 39 60
9 40 8
9 42 10
9 43 80
9 44 43
9 46 34
9 47 32
9 48 50
9 49 55
9 52 17
9 55 67
9 56 48
9 58 76
9 59 42
9 60 88
9 61 99
9 62 96
9 63 32
9 66 26
9 67 33
9 68 71
9 72 50
9 73 67
9 74 83
9 76 32
9 78 67
9 79 80
9 81 44
9 82 28
9 83 19
9 84 80
9 85 39
9 87 71
9 88 32
9 89 90
9 90 89
9 91 29
9 92 80
9 93 9
9 94 73
9 96 61
9 97 43
9 98 2
9 99 98
10 0 83
10 1 38
10 2 38
10 3 98
10 5 11
10 6 65
10 8 93
10 9 85
10 11 88
10 12 91
10 13 65
10 14 16
10 15 13
10 16 41
10 17 98
10 18 48
10 20 47
10 21 92
10 22 24
10 23 37
10 24 88
10 25 3
10 28 55
10 29 28
10 30 10
10 32 55
10 33 90
10 34 85
10 36 81
10 37 58
10 38 53
10 39 26
10 40 10
10 41 66
10 45 16
10 47 48
10 48 62
10 50 66
10 51 33
10 52 95
10 53 25
10 54 59
10 55 37
10 57 68
10 58 54
10 59 81
10 61 24
10 62 50
10 63 63
10 66 71
10 68 21
10 70 94
10 71 58
10 72 94
10 73 17
10 74 90
10 75 24
10 79 92
10 80 90
10 81 61
10 82 71
10 84 10
10 88 77
10 90 66
10 92 61
10 93 99
10 94 44
10 95 82
10 96 69
10 97 59
10 98 49
10 99 67
11 0 63
11 1 81
11 2 94
11 3 23
11 4 8
11 6 56
11 7 4
11 9 88
11 10 51
11 13 70
11 14 35
11 15 53
11 18 24
11 19 83
11 20 3
11 22 53
11 24 82
11 25 19
11 26 43
11 27 52
11 29 83
11 30 13
11 31 85
11 33 67
11 35 34
11 36 12
11 37 57
11 38 75
11 39 27
11 40 38
11 41 58
11 42 99
11 43 69
11 44 2
11 45 25
11 47 93
11 48 49
11 49 10
11 50 6
11 51 66
11 52 80
11 53 93
11 54 92
11 55 99
11 56 94
11 57 91
11 58 56
11 59 71
11 60 25
11 63 66
11 64 95
11 66 71
11 67 68
11 68 49
11 69 25
11 72 83
11 73 32
11 74 11
11 75 91
11 76 95
11 77 2
11 79 16
11 81 40
11 82 31
11 83 93
11 84 14
11 85 65
11 89 9
11 90 52
11 91 1
11 92 85
11 93 3
11 94 50
11 95 82
11 96 3
11 99 9
12 0 98
12 1 4
12 2 18
12 3 66
12 5 57
12 6 54
12 8 47
12 9 90
12 10 81
12 11 39
12 13 88
12 14 65
12 15 50
12 16 37
12 17 79
12 19 10
12 20 65
12 21 70
12 22 85
12 24 23
12 25 71
12 26 78
12 27 96
12 28 58
12 29 14
12 30 22
12 31 89
12 33 84
12 37 34
12 38 75
12 39 7
12 40 12
12 41 76
12 44 71
12 45 24
12 47 27
12 49 41
12 50 61
12 51 11
12 52 80
12 53 78
12 54 63
12 55 42
12 57 26
12 58 53
12 59 21
12 60 43
12 61 45
12 63 36
12 64 45
12 65 92
12 66 54
12 67 61
12 68 43
12 69 39
12 70 29
12 71 88
12 72 76
12 73 50
12 74 28
12 75 96
12 76 98
12 77 61
12 78 30
12 79 38
12 84 98
12 85 76
12 86 20
12 87 62
12 88 62
12 89 69
12 90 31
12 91 39
12 93 40
12 96 60
12 98 4
12 99 49
13 0 7
13 2 64
13 4 63
13 5 13
13 6 91
13 8 49
13 9 52
13 10 9
13 11 84
13 12 94
13 14 22
13 16 36
13 17 58
13 19 91
13 21 45
13 23 27
13 25 29
13 26 2
13 27 48
13 28 44
13 29 29
13 30 46
13 32 1
13 33 92
13 35 53
13 36 36
13 38 41
13 39 69
13 41 39
13 43 92
13 44 34
13 45 92
13 46 3
13 47 56
13 48 95
13 49 26
13 51 98
13 53 48
13 56 14
13 57 85
13 58 3
13 59 25
13 60 83
13 61 46
13 62 9
13 63 38
13 66 80
13 67 88
13 68 36
13 70 1
13 73 94
13 74 53
13 77 41
13 78 95
13 79 22
13 80 28
13 81 17
13 82 22
13 84 57
13 85 69
13 86 61
13 87 7
13 88 26
13 89 72
13 91 76
13 92 33
13 93 94
13 94 26
13 95 28
13 97 44
13 98 69
14 0 18
14 1 70
14 2 84
14 3 49
14 4 44
14 6 66
14 7 49
14 10 25
14 11 10
14 12 73
14 15 93
14 16 72
14 17 62
14 18 70
14 20 14
14 21 14
14 22 96
14 23 32
14 24 48
14 25 90
14 27 89
14 28 69
14 29 50
14 31 89
14 33 7
14 34 53
14 37 29
14 38 96
14 39 76
14 40 78
14 41 71
14 43 21
14 44 78
14 46 23
14 47 92
14 48 23
14 49 8
14 50 60
14 51 16
14 52 92
14 53 68
14 54 90
14 55 78
14 56 15
14 57 6
14 58 87
14 59 85
14 62 24
14 63 84
14 64 83
14 65 86
14 66 16
14 67 15
14 68 74
14 69 46
14 70 37
14 71 16
14 76 99
14 78 23
14 80 61
14 81 35
14 82 40
14 83 67
14 84 74
14 85 24
14 86 26
14 88 88
14 91 74
14 92 72
14 93 91
14 95 22
14 97 61
14 98 94
14 99 26
15 0 82
15 4 45
15 5 2
15 7 99
15 8 11
15 9 41
15 10 82
15 11 91
15 13 62
15 18 78
15 19 99
15 20 45
15 22 40
15 23 59
15 24 99
15 27 11
15 28 87
15 30 96
15 31 2
15 32 31
15 33 56
15 35 38
15 36 62
15 37 77
15 39 62
15 40 75
15 41 28
15 42 16
15 43 21
15 44 89
15 45 91
15 46 73
15 47 79
15 49 54
15 50 87
15 52 78
15 53 29
15 54 12
15 55 53
15 56 80
15 57 34
15 58 5
15 60 80
15 61 45
15 62 83
15 63 43
15 65 13
15 66 60
15 68 57
15 69 84
15 71 58
15 72 43
15 73 96
15 74 75
15 75 62
15 76 4
15 78 3
15 79 18
15 81 83
15 82 76
15 84 45
15 85 17
15 86 20
15 90 90
15 93 24
15 94 26
15 95 56
15 96 13
15 99 12
16 0 46
16 1 58
16 2 89
16 3 43
16 4 47
16 5 46
16 6 46
16 7 27
16 8 76
16 9 23
16 10 92
16 12 31
16 13 30
16 14 73
16 15 93
16 17 16
16 18 69
16 19 85
16 20 28
16 21 80
16 23 6
16 25 15
16 26 13
16 27 62
16 29 76
16 30 15
16 31 45
16 32 49
16 33 16
16 34 22
16 35 57
16 36 23
16 38 36
16 39 54
16 40 24
16 42 7
16 45 46
16 47 2
16 48 72
16 49 63
16 50 60
16 51 81
16 52 47
16 55 90
16 56 60
16 59 77
16 60 2
16 61 40
16 62 57
16 63 13
16 64 53
16 65 78
16 66 18
16 67 16
16 69 14
16 70 84
16 71 82
16 72 73
16 73 79
16 74 99
16 76 31
16 77 93
16 79 34
16 80 40
16 81 15
16 84 45
16 87 76
16 88 15
16 89 47
16 91 32
16 92 88
16 93 75
16 94 45
16 95 96
16 96 81
16 97 31
16 98 60
17 0 91
17 2 6
17 5 16
17 6 37
17 9 7
17 11 68
17 13 82
17 14 58
17 15 34
17 16 2
17 18 9
17 19 80
17 20 9
17 24 61
17 25 82
17 26 85
17 27 11
17 28 41
17 29 24
17 31 58
17 32 96
17 33 54
17 34 49
17 39 65
17 40 4
17 42 42
17 46 48
17 49 42
17 50 57
17 51 59
17 53 72
17 54 11
17 55 96
17 57 85
17 58 61
17 59 26
17 60 9
17 61 94
17 62 47
17 63 94
17 64 61
17 67 27
17 68 18
17 69 49
17 70 31
17 72 17
17 73 55
17 74 38
17 76 78
17 77 15
17 79 41
17 80 51
17 82 7
17 84 30
17 86 55
17 88 98
17 89 28
17 91 43
17 92 88
17 94 37
17 95 53
17 97 85
18 0 69
18 1 80
18 2 52
18 3 41
18 4 43
18 5 70
18 6 5
18 7 59
18 8 73
18 9 72
18 10 48
18 11 8
18 13 59
18 14 14
18 19 59
18 20 13
18 21 69
18 23 71
18 25 43
18 26 95
18 27 41
18 28 50
18 29 12
18 30 83
18 31 11
18 33 81
18 34 47
18 35 54
18 36 83
18 38 67
18 39 15
18 41 64
18 42 12
18 43 47
18 44 22
18 45 14
18 46 72
18 47 18
18 48 75
18 49 87
18 52 48
18 55 35
18 56 62
18 57 17
18 59 57
18 60 39
18 64 76
18 65 4
18 66 65
18 70 52
18 72 6
18 73 58
18 74 62
18 75 91
18 76 27
18 79 7
18 80 15
18 81 65
18 82 88
18 83 70
18 85 72
18 87 97
18 88 47
18 91 45
18 92 63
18 93 90
18 94 4
18 95 6
18 97 75
18 99 80
19 1 75
19 2 20
19 4 15
19 5 35
19 6 95
19 8 98
19 9 42
19 11 31
19 12 93
19 14 65
19 15 18
19 16 11
19 17 23
19 20 85
19 21 43
19 22 9
19 23 33
19 25 13
19 28 97
19 29 47
19 30 86
19 31 89
19 32 98
19 33 96
19 34 37
19 35 65
19 38 81
19 39 5
19 40 98
19 41 2
19 42 50
19 43 51
19 45 7
19 46 97
19 47 68
19 49 52
19 51 74
19 53 87
19 55 61
19 60 51
19 61 60
19 62 97
19 63 21
19 64 22
19 65 22
19 66 75
19 67 75
19 68 45
19 69 98
19 70 87
19 71 16
19 74 46
19 76 86
19 77 98
19 81 28
19 82 7
19 83 4
19 84 53
19 85 56
19 86 67
19 87 47
19 88 31
19 89 98
19 91 50
19 92 81
19 93 79
19 94 50
19 95 30
19 97 45
19 98 59
19 99 40
20 2 96
20 3 83
20 5 41
20 6 1
20 8 11
20 9 38
20 10 37
20 12 24
20 14 82
20 15 57
20 21 49
20 22 80
20 25 72
20 26 90
20 27 33
20 29 64
20 30 80
20 31 34
20 32 4
20 34 44
20 35 66
20 36 12
20 37 73
20 40 60
20 41 69
20 42 78
20 43 30
20 44 69
20 45 44
20 47 59
20 49 18
20 50 6
20 53 31
20 54 18
20 58 70
20 59 42
20 60 36
20 61 72
20 62 6
20 63 30
20 66 78
20 67 57
20 68 70
20 71 72
20 72 15
20 73 88
20 74 15
20 75 18
20 76 31
20 77 84
20 80 8
20 81 94
20 86 87
20 88 92
20 89 6
20 90 49
20 91 14
20 93 95
20 94 3
20 96 83
20 97 22
20 98 33
20 99 17
21 1 82
21 4 95
21 5 93
21 6 62
21 7 52
21 8 14
21 11 29
21 12 74
21 13 8
21 15 90
21 16 16
21 17 85
21 18 39
21 19 23
21 20 33
21 22 54
21 24 49
21 25 90
21 27 8
21 28 29
21 29 36
21 30 70
21 31 81
21 32 14
21 33 12
21 34 96
21 35 68
21 38 70
21 40 25
21 41 81
21 43 18
21 44 19
21 45 56
21 46 57
21 47 17
21 48 26
21 49 58
21 50 60
21 51 54
21 52 70
21 54 5
21 55 34
21 56 95
21 57 59
21 58 47
21 61 13
21 62 4
21 63 5
21 64 66
21 65 38
21 70 42
21 71 51
21 72 32
21 73 33
21 74 59
21 75 58
21 76 56
21 77 25
21 78 78
21 79 48
21 82 91
21 84 74
21 85 55
21 86 81
21 87 60
21 89 19
21 91 19
21 93 59
21 94 59
21 95 56
21 97 31
21 98 82
22 0 49
22 1 71
22 2 81
22 5 13
22 8 96
22 9 71
22 12 84
22 14 9
22 16 20
22 18 70
22 19 77
22 20 21
22 24 16
22 25 28
22 26 19
22 27 31
22 29 13
22 33 94
22 34 62
22 35 5
22 36 62
22 37 54
22 38 85
22 39 97
22 40 49
22 44 57
22 45 66
22 47 91
22 48 31
22 49 44
22 51 16
22 53 88
22 54 5
22 56 94
22 57 22
22 58 31
22 59 38
22 61 74
22 64 18
22 65 82
22 66 74
22 67 60
22 70 42
22 72 74
22 73 54
22 74 63
22 75 20
22 76 71
22 78 27
22 79 80
22 80 80
22 82 56
22 84 63
22 85 55
22 86 31
22 88 47
22 89 33
22 90 51
22 91 93
22 96 14
22 97 34
22 98 77
22 99 43
23 1 26
23 2 25
23 5 2
23 6 13
23 7 51
23 8 30
23 9 18
23 10 52
23 11 85
23 12 82
23 13 16
23 14 8
23 15 62
23 18 77
23 19 42
23 22 94
23 25 43
23 26 74
23 27 2
23 28 70
23 29 19
23 30 56
23 31 12
23 35 4
23 36 63
23 39 51
23 40 97
23 41 51
23 42 49
23 45 36
23 46 51
23 48 84
23 49 95
23 50 67
23 51 74
23 52 48
23 53 59
23 54 83
23 55 39
23 56 10
23 59 14
23 60 72
23 61 2
23 64 27
23 69 85
23 71 96
23 72 12
23 73 17
23 77 43
23 78 14
23 79 51
23 81 79
23 83 72
23 84 19
23 85 26
23 86 12
23 88 55
23 91 42
23 92 76
23 93 96
23 96 56
23 98 48
23 99 66
24 1 88
24 3 28
24 4 82
24 5 53
24 6 91
24 7 39
24 9 38
24 10 84
24 11 28
24 12 30
24 14 58
24 16 13
24 17 7
24 19 84
24 20 35
24 21 41
24 22 81
24 23 39
24 25 69
24 26 1
24 28 8
24 29 69
24 30 95
24 31 18
24 33 85
24 38 10
24 39 77
24 41 73
24 42 36
24 44 38
24 45 97
24 46 79
24 47 99
24 50 43
24 51 17
24 52 94
24 53 19
24 54 97
24 55 49
24 56 67
24 57 85
24 58 36
24 59 49
24 60 50
24 61 19
24 62 17
24 63 33
24 64 19
24 65 43
24 66 11
24 67 15
24 68 56
24 69 15
24 71 68
24 73 68
24 74 72
24 75 70
24 76 78
24 78 9
24 82 74
24 84 35
24 85 50
24 87 42
24 88 60
24 89 28
24 90 62
24 91 23
24 92 86
24 93 5
24 94 44
24 95 84
24 96 96
24 97 54
24 98 98
25 2 68
25 3 98
25 4 10
25 5 19
25 7 2
25 8 67
25 9 4
25 13 3
25 16 81
25 17 18
25 18 23
25 19 41
25 20 11
25 21 99
25 22 80
25 23 55
25 26 70
25 27 16
25 29 84
25 30 4
25 31 42
25 32 54
25 34 10
25 35 45
25 36 53
25 38 4
25 39 89
25 40 74
25 44 85
25 46 64
25 47 44
25 48 69
25 49 98
25 50 95
25 51 48
25 52 75
25 53 42
25 54 10
25 58 43
25 60 69
25 61 45
25 62 84
25 65 53
25 67 71
25 68 74
25 69 11
25 72 83
25 73 52
25 74 30
25 75 37
25 76 7
25 78 29
25 79 27
25 80 23
25 81 8
25 84 96
25 85 40
25 87 28
25 88 97
25 89 32
25 91 51
25 92 8
25 93 24
25 94 20
25 96 46
25 98 33
25 99 83
26 0 13
26 1 44
26 2 90
26 3 82
26 4 4
26 5 27
26 6 9
26 7 73
26 8 82
26 9 89
26 10 97
26 11 4
26 12 9
26 13 57
26 14 2
26 17 84
26 18 2
26 19 69
26 20 74
26 22 67
26 24 65
26 25 33
26 27 83
26 28 9
26 29 32
26 33 29
26 34 51
26 36 19
26 38 84
26 40 37
26 41 62
26 42 15
26 44 13
26 45 97
26 46 24
26 47 11
26 48 22
26 50 15
26 53 49
26 54 16
26 56 88
26 57 94
26 58 17
26 59 32
26 60 33
26 61 17
26 64 72
26 65 3
26 67 67
26 70 39
26 71 32
26 72 38
26 73 90
26 75 89
26 76 95
26 78 26
26 80 39
26 81 83
26 82 39
26 83 95
26 84 52
26 86 11
26 87 49
26 89 76
26 90 66
26 92 50
26 93 11
26 94 23
26 95 42
26 96 34
26 97 99
26 98 83
27 0 62
27 2 4
27 4 42
27 5 10
27 6 42
27 7 80
27 8 25
27 9 3
27 10 51
27 11 24
27 12 87
27 13 48
27 14 36
27 15 24
27 16 11
27 17 98
27 19 79
27 20 63
27 25 23
27 26 13
27 28 66
27 29 33
27 30 89
27 34 68
27 35 64
27 37 45
27 38 76
27 39 71
27 41 29
27 45 2
27 46 2
27 49 94
27 51 60
27 53 14
27 54 2
27 55 29
27 56 22
27 58 52
27 60 63
27 61 93
27 62 18
27 65 30
27 66 40
27 67 18
27 68 58
27 70 73
27 72 62
27 74 83
27 76 63
27 77 2
27 78 30
27 80 67
27 81 43
27 82 7
27 83 17
27 85 32
27 86 29
27 87 97
27 89 99
27 90 23
27 91 64
27 93 15
27 96 12
27 98 82
28 3 91
28 6 90
28 7 55
28 8 27
28 9 94
28 10 16
28 11 82
28 13 87
28 14 76
28 15 33
28 16 49
28 17 35
28 19 77
28 20 86
28 23 23
28 24 64
28 25 43
28 26 88
28 27 16
28 29 6
28 32 76
28 33 11
28 36 47
28 37 73
28 38 6
28 39 46
28 40 62
28 41 41
28 43 59
28 44 93
28 46 92
28 47 30
28 48 50
28 49 20
28 53 41
28 54 65
28 56 60
28 58 41
28 59 10
28 60 6
28 61 21
28 62 81
28 63 14
28 64 72
28 65 31
28 68 50
28 70 64
28 71 83
28 73 7
28 74 32
28 75 92
28 76 82
28 77 50
28 79 19
28 80 29
28 81 1
28 83 89
28 85 1
28 86 16
28 87 41
28 88 78
28 90 18
28 92 85
28 94 81
28 95 49
28 96 78
28 98 48
28 99 94
29 0 28
29 1 91
29 2 47
29 3 41
29 5 67
29 6 39
29 7 74
29 8 26
29 9 66
29 10 41
29 12 30
29 14 20
29 15 47
29 16 69
29 18 98
29 19 61
29 20 48
29 21 38
29 22 68
29 24 1
29 26 89
29 28 88
29 30 63
29 34 59
29 36 92
29 38 61
29 39 50
29 40 45
29 41 20
29 42 99
29 44 19
29 46 22
29 47 58
29 48 88
29 53 20
29 54 57
29 55 18
29 56 62
29 57 13
29 58 62
29 59 81
29 60 51
29 61 3
29 62 1
29 63 20
29 64 92
29 65 99
29 66 52
29 68 39
29 69 1
29 70 54
29 71 64
29 74 89
29 75 12
29 76 74
29 77 59
29 78 26
29 79 4
29 80 62
29 83 97
29 85 22
29 86 4
29 87 55
29 88 1
29 89 85
29 91 57
29 92 67
29 93 39
29 96 89
29 97 64
29 98 17
30 1 33
30 3 97
30 4 15
30 5 99
30 6 76
30 7 9
30 8 48
30 9 82
30 10 16
30 12 24
30 14 93
30 15 5
30 16 3
30 17 28
30 18 24
30 19 82
30 20 60
30 21 78
30 25 11
30 26 92
30 27 47
30 28 12
30 29 72
30 32 59
30 33 83
30 34 23
30 35 8
30 36 10
30 40 99
30 41 98
30 42 6
30 45 13
30 46 94
30 47 61
30 48 38
30 49 47
30 50 20
30 51 91
30 52 31
30 53 40
30 54 32
30 56 9
30 59 45
30 61 13
30 62 37
30 63 14
30 65 99
30 66 77
30 67 38
30 68 24
30 70 72
30 71 40
30 72 4
30 75 36
30 76 45
30 78 58
30 79 2
30 82 43
30 83 96
30 84 79
30 85 11
30 86 29
30 87 24
30 88 78
30 89 92
30 90 61
30 91 30
30 92 72
30 93 45
30 94 92
30 95 59
30 96 31
30 97 9
30 98 68
30 99 34
31 0 32
31 1 19
31 3 57
31 5 66
31 6 63
31 7 5
31 9 49
31 11 95
31 12 62
31 14 19
31 15 16
31 16 39
31 17 21
31 18 86
31 19 98
31 21 60
31 22 83
31 23 54
31 24 41
31 26 57
31 29 63
31 30 38
31 33 28
31 34 49
31 35 99
31 36 27
31 37 46
31 38 39
31 41 23
31 42 79
31 43 20
31 44 77
31 46 10
31 50 34
31 51 78
31 52 58
31 53 39
31 55 59
31 56 57
31 57 3
31 58 74
31 61 94
31 62 97
31 64 87
31 65 78
31 66 28
31 67 97
31 69 78
31 70 17
31 71 62
31 72 42
31 73 84
31 74 17
31 75 48
31 76 91
31 79 62
31 80 89
31 82 95
31 83 89
31 84 59
31 85 25
31 86 64
31 87 92
31 90 65
31 92 54
31 95 38
31 96 21
31 97 1
31 98 72
31 99 35
32 2 69
32 4 3
32 5 63
32 6 86
32 7 68
32 8 89
32 9 15
32 10 59
32 11 78
32 12 42
32 13 90
32 14 42
32 15 32
32 16 58
32 17 26
32 19 93
32 21 2
32 22 48
32 24 65
32 26 85
32 27 45
32 28 19
32 29 68
32 30 5
32 31 9
32 33 93
32 34 16
32 35 95
32 37 29
32 38 54
32 40 53
32 41 93
32 43 60
32 45 11
32 47 48
32 48 49
32 49 16
32 50 47
32 52 50
32 53 18
32 54 33
32 55 12
32 56 57
32 58 2
32 59 10
32 63 92
32 65 6
32 66 20
32 67 64
32 69 68
32 70 56
32 71 65
32 72 39
32 73 15
32 74 59
32 75 10
32 78 77
32 80 88
32 81 30
32 82 1
32 83 40
32 85 79
32 86 79
32 87 1
32 88 10
32 90 58
32 91 20
32 92 37
32 93 14
32 94 93
32 95 55
32 96 49
32 97 57
32 98 23
32 99 37
33 0 29
33 1 41
33 2 20
33 3 39
33 5 64
33 7 8
33 8 83
33 9 75
33 10 64
33 15 64
33 18 16
33 19 82
33 21 76
33 22 39
33 23 33
33 24 80
33 25 27
33 26 54
33 27 8
33 28 73
33 29 46
33 31 56
33 32 78
33 34 77
33 36 11
33 37 30
33 38 79
33 39 56
33 41 53
33 42 94
33 45 36
33 46 18
33 47 40
33 49 34
33 53 7
33 56 88
33 57 35
33 58 52
33 59 57
33 60 42
33 61 40
33 62 35
33 63 88
33 64 14
33 67 9
33 69 39
33 70 28
33 71 33
33 72 75
33 73 69
33 75 13
33 76 54
33 77 24
33 79 11
33 80 2
33 81 23
33 83 98
33 84 21
33 86 20
33 87 36
33 92 39
33 93 65
33 94 10
33 95 20
33 96 37
33 97 88
34 0 13
34 1 92
34 2 95
34 3 46
34 4 23
34 6 44
34 8 87
34 9 85
34 10 88
34 11 67
34 12 77
34 13 20
34 14 97
34 15 66
34 16 95
34 18 20
34 19 70
34 20 83
34 21 96
34 25 12
34 26 80
34 28 52
34 30 35
34 31 71
34 32 82
34 36 38
34 37 72
34 39 85
34 40 64
34 41 7
34 42 54
34 44 94
34 46 86
34 49 91
34 51 42
34 53 35
34 54 95
34 56 44
34 58 75
34 59 93
34 61 52
34 62 19
34 64 30
34 65 23
34 66 7
34 68 34
34 74 60
34 76 84
34 77 83
34 78 17
34 80 73
34 81 6
34 82 11
34 83 33
34 84 81
34 86 47
34 87 28
34 88 95
34 89 21
34 91 48
34 92 81
34 93 91
34 94 29
34 96 72
34 98 99
35 0 22
35 1 11
35 2 4
35 3 56
35 4 54
35 5 19
35 6 86
35 7 14
35 9 43
35 10 43
35 11 69
35 13 70
35 14 13
35 15 27
35 16 99
35 18 66
35 21 5
35 22 14
35 23 99
35 24 92
35 25 84
35 28 6
35 29 95
35 30 67
35 31 64
35 32 66
35 34 68
35 37 39
35 39 70
35 41 59
35 42 27
35 44 6
35 45 79
35 49 10
35 50 84
35 51 92
35 52 44
35 53 31
35 57 93
35 59 11
35 60 82
35 61 63
35 62 76
35 64 23
35 66 99
35 67 37
35 68 29
35 69 89
35 71 59
35 73 52
35 74 69
35 75 80
35 76 11
35 77 81
35 78 31
35 80 99
35 81 56
35 82 45
35 83 46
35 85 36
35 87 82
35 88 16
35 89 50
35 90 80
35 92 21
35 93 77
35 94 12
35 95 27
35 97 39
35 98 42
35 99 18
36 0 16
36 1 86
36 2 17
36 3 41
36 4 87
36 6 24
36 7 19
36 8 15
36 9 82
36 13 18
36 14 19
36 15 87
36 16 71
36 17 46
36 18 83
36 19 37
36 20 74
36 22 57
36 23 30
36 24 17
36 25 1
36 26 58
36 27 79
36 28 60
36 29 37
36 30 40
36 33 50
36 34 54
36 35 6
36 37 94
36 38 49
36 39 62
36 40 12
36 41 29
36 42 87
36 44 58
36 49 45
36 50 70
36 53 70
36 54 31
36 55 67
36 57 63
36 58 9
36 59 26
36 60 15
36 61 26
36 63 39
36 64 23
36 65 12
36 66 86
36 67 23
36 68 71
36 69 56
36 70 98
36 71 24
36 73 51
36 75 96
36 76 8
36 78 45
36 80 83
36 81 32
36 82 26
36 83 63
36 84 94
36 85 79
36 86 32
36 87 44
36 92 74
36 93 82
36 94 62
36 95 92
36 96 37
36 98 72
36 99 67
37 0 77
37 1 27
37 2 11
37 3 25
37 4 99
37 5 40
37 6 39
37 7 65
37 8 85
37 10 65
37 11 33
37 12 4
37 13 49
37 14 59
37 16 35
37 17 84
37 18 8
37 19 46
37 21 15
37 22 57
37 23 46
37 25 6
37 28 36
37 29 84
37 30 57
37 31 50
37 32 4
37 34 11
37 35 71
37 38 43
37 39 2
37 41 32
37 42 19
37 43 61
37 44 89
37 46 53
37 49 65
37 50 42
37 52 52
37 53 27
37 54 62
37 56 2
37 58 67
37 59 83
37 61 69
37 62 24
37 63 85
37 65 14
37 66 42
37 67 39
37 68 80
37 69 26
37 70 53
37 72 92
37 73 13
37 74 96
37 75 22
37 77 27
37 79 44
37 81 74
37 83 76
37 84 88
37 87 56
37 88 82
37 89 13
37 90 29
37 92 11
37 93 67
37 96 8
37 97 68
37 98 67
37 99 61
38 0 54
38 1 18
38 2 46
38 3 81
38 4 25
38 5 96
38 6 90
38 7 21
38 8 98
38 11 43
38 12 48
38 15 55
38 18 23
38 19 83
38 21 54
38 22 36
38 23 90
38 24 59
38 25 65
38 26 27
38 27 62
38 28 54
38 30 27
38 31 29
38 32 32
38 33 17
38 34 62
38 35 69
38 41 58
38 42 69
38 43 83
38 44 50
38 48 78
38 50 94
38 52 95
38 53 86
38 54 37
38 55 16
38 56 22
38 57 14
38 58 30
38 59 8
38 61 70
38 63 97
38 64 22
38 65 85
38 66 23
38 67 4
38 68 53
38 69 39
38 71 22
38 74 76
38 75 43
38 76 67
38 77 49
38 78 42
38 79 7
38 80 81
38 81 49
38 87 52
38 88 83
38 90 16
38 92 59
38 93 27
38 96 78
38 97 56
38 98 73
38 99 65
39 1 60
39 3 49
39 5 55
39 6 36
39 7 89
39 8 61
39 11 92
39 12 49
39 15 81
39 17 88
39 19 89
39 21 59
39 23 85
39 24 64
39 26 8
39 28 77
39 29 41
39 31 56
39 32 94
39 33 80
39 34 52
39 35 52
39 36 18
39 37 87
39 38 24
39 40 86
39 41 48
39 42 86
39 43 88
39 44 65
39 45 89
39 47 17
39 49 25
39 50 41
39 51 99
39 52 13
39 53 66
39 54 99
39 56 38
39 57 97
39 59 77
39 60 29
39 61 81
39 62 10
39 64 68
39 65 97
39 66 53
39 68 3
39 69 48
39 71 52
39 72 15
39 73 68
39 74 18
39 76 24
39 77 26
39 79 78
39 81 76
39 83 45
39 84 96
39 85 87
39 87 32
39 88 12
39 89 20
39 90 19
39 92 91
39 93 33
39 94 46
39 95 37
39 96 37
39 97 57
39 99 70
40 1 21
40 3 12
40 4 15
40 6 28
40 7 51
40 11 22
40 12 36
40 13 33
40 14 17
40 15 59
40 16 49
40 20 44
40 21 96
40 22 81
40 23 31
40 24 81
40 25 25
40 28 37
40 30 63
40 31 20
40 33 88
40 35 19
40 37 51
40 39 63
40 42 53
40 46 47
40 47 43
40 48 54
40 49 60
40 50 30
40 51 36
40 52 60
40 53 90
40 54 5
40 55 7
40 56 19
40 57 83
40 59 16
40 60 28
40 63 6
40 65 55
40 67 1
40 68 44
40 69 53
40 70 65
40 71 17
40 73 55
40 74 38
40 75 87
40 76 2
40 77 7
40 79 7
40 80 66
40 81 25
40 82 90
40 83 21
40 85 11
40 86 67
40 88 63
40 89 11
40 90 80
40 91 86
40 94 23
40 95 28
40 96 27
40 97 45
40 98 1
41 0 81
41 1 30
41 2 99
41 3 70
41 5 32
41 6 44
41 8 72
41 13 37
41 17 4
41 18 64
41 19 70
41 21 71
41 23 81
41 24 40
41 25 48
41 26 13
41 27 6
41 28 90
41 30 65
41 31 2
41 33 43
41 34 30
41 35 87
41 36 29
41 43 29
41 44 75
41 45 4
41 47 75
41 50 10
41 51 80
41 52 59
41 53 82
41 54 75
41 56 58
41 58 12
41 60 41
41 61 33
41 64 15
41 65 78
41 66 40
41 67 68
41 68 48
41 70 44
41 71 46
41 73 96
41 78 46
41 80 1
41 81 37
41 82 65
41 85 84
41 86 4
41 87 58
41 88 21
41 90 41
41 91 76
41 92 3
41 93 28
41 95 4
41 98 37
41 99 51
42 0 5
42 1 81
42 3 31
42 5 45
42 6 69
42 8 25
42 9 31
42 11 64
42 13 95
42 15 48
42 16 68
42 17 14
42 18 27
42 19 98
42 20 17
42 21 85
42 23 89
42 26 40
42 27 43
42 28 40
42 29 76
42 30 19
42 31 98
42 32 15
42 34 73
42 35 64
42 37 12
42 38 42
42 39 8
42 40 9
42 41 20
42 43 74
42 46 96
42 48 64
42 49 51
42 50 49
42 52 32
42 53 70
42 55 30
42 56 57
42 57 38
42 58 74
42 59 63
42 60 33
42 61 30
42 65 13
42 67 7
42 69 88
42 70 52
42 76 79
42 78 79
42 79 62
42 80 39
42 81 19
42 82 13
42 83 15
42 84 50
42 85 82
42 86 35
42 88 57
42 89 96
42 90 57
42 91 81
42 92 67
42 93 88
42 94 23
42 95 29
42 96 22
42 97 60
42 99 50
43 1 55
43 3 26
43 4 14
43 5 41
43 6 45
43 8 87
43 9 79
43 10 42
43 11 31
43 12 47
43 13 76
43 15 70
43 17 67
43 20 88
43 21 51
43 22 98
43 24 57
43 25 61
43 26 69
43 27 33
43 29 24
43 30 14
43 31 30
43 32 87
43 33 92
43 34 28
43 36 68
43 37 21
43 38 64
43 40 88
43 42 90
43 44 13
43 45 26
43 46 78
43 47 63
43 48 98
43 49 94
43 50 91
43 54 24
43 55 69
43 56 63
43 57 79
43 58 40
43 59 17
43 62 30
43 64 33
43 65 54
43 66 31
43 67 26
43 68 11
43 69 83
43 70 9
43 71 37
43 72 66
43 75 41
43 76 10
43 78 63
43 80 71
43 81 92
43 82 45
43 83 37
43 84 12
43 86 92
43 87 60
43 89 93
43 92 29
43 93 66
43 94 62
43 97 11
44 1 39
44 2 63
44 3 41
44 4 52
44 5 2
44 7 97
44 9 79
44 10 63
44 11 74
44 13 86
44 14 46
44 15 55
44 16 4
44 17 75
44 18 53
44 20 85
44 24 84
44 25 5
44 27 22
44 29 92
44 30 42
44 31 73
44 32 89
44 33 9
44 34 10
44 36 54
44 37 19
44 41 55
44 42 73
44 43 42
44 46 15
44 47 46
44 48 8
44 49 8
44 54 51
44 56 40
44 57 64
44 58 33
44 61 40
44 62 58
44 63 15
44 64 73
44 65 97
44 67 4
44 68 40
44 69 80
44 70 88
44 71 80
44 72 84
44 73 86
44 74 24
44 75 27
44 76 7
44 79 43
44 80 87
44 81 11
44 85 13
44 86 33
44 87 21
44 88 79
44 90 55
44 91 74
44 92 6
44 93 12
44 94 34
44 96 2
44 97 35
44 99 43
45 0 67
45 1 58
45 2 11
45 3 92
45 4 16
45 6 40
45 7 57
45 8 60
45 9 66
45 10 13
45 11 53
45 14 87
45 16 19
45 19 89
45 22 99
45 25 49
45 26 61
45 27 58
45 29 1
45 31 29
45 32 72
45 35 68
45 36 81
45 37 9
45 38 65
45 39 18
45 40 10
45 41 12
45 44 18
45 47 31
45 50 34
45 51 13
45 52 91
45 54 75
45 55 77
45 56 13
45 58 63
45 59 40
45 60 44
45 61 36
45 62 39
45 64 46
45 65 24
45 66 53
45 67 89
45 68 47
45 72 33
45 73 60
45 74 76
45 75 79
45 77 59
45 79 54
45 80 39
45 81 98
45 82 86
45 83 49
45 85 84
45 87 28
45 89 37
45 91 69
45 92 69
45 93 90
45 94 56
45 95 50
45 97 1
45 98 1
45 99 22
46 1 57
46 2 3
46 5 98
46 6 32
46 8 10
46 9 84
46 10 35
46 11 36
46 14 86
46 15 61
46 16 18
46 17 3
46 19 9
46 20 81
46 21 34
46 22 79
46 23 3
46 24 32
46 25 9
46 26 57
46 27 32
46 29 32
46 30 82
46 31 81
46 32 26
46 34 85
46 35 31
46 37 83
46 38 51
46 39 82
46 40 43
46 41 53
46 42 18
46 47 72
46 48 88
46 51 17
46 52 6
46 53 85
46 56 8
46 57 27
46 58 51
46 59 12
46 61 8
46 62 73
46 63 74
46 66 51
46 67 63
46 68 39
46 69 15
46 70 56
46 71 68
46 72 20
46 74 7
46 75 77
46 76 80
46 77 76
46 79 19
46 80 95
46 81 35
46 82 20
46 83 88
46 84 72
46 85 24
46 86 15
46 87 28
46 88 19
46 89 71
46 90 62
46 91 89
46 92 1
46 93 21
46 94 8
46 95 61
46 96 43
46 97 66
46 98 46
47 0 59
47 1 56
47 2 34
47 3 97
47 7 61
47 8 48
47 9 88
47 10 29
47 12 6
47 13 55
47 14 49
47 15 27
47 17 8
47 18 34
47 19 74
47 20 90
47 21 86
47 23 88
47 24 9
47 25 30
47 26 89
47 28 11
47 29 97
47 30 34
47 31 72
47 32 76
47 33 5
47 37 86
47 39 74
47 40 15
47 43 24
47 45 67
47 46 8
47 49 8
47 50 25
47 51 39
47 52 33
47 53 30
47 54 2
47 55 65
47 56 6
47 58 81
47 59 6
47 60 95
47 61 59
47 63 92
47 65 16
47 66 15
47 67 12
47 68 28
47 69 27
47 71 24
47 72 3
47 73 30
47 74 8
47 75 54
47 77 62
47 79 70
47 80 99
47 82 69
47 83 57
47 84 95
47 85 11
47 87 1
47 88 58
47 89 39
47 91 49
47 92 73
47 93 39
47 95 63
47 96 40
47 97 96
47 99 66
48 0 42
48 1 45
48 2 22
48 4 74
48 5 85
48 6 20
48 10 17
48 11 87
48 12 83
48 14 17
48 15 96
48 16 12
48 17 62
48 18 64
48 19 17
48 20 8
48 22 34
48 24 38
48 25 24
48 27 48
48 28 81
48 29 26
48 31 39
48 32 77
48 33 35
48 34 10
48 35 66
48 36 92
48 37 74
48 38 49
48 39 84
48 41 40
48 42 69
48 45 57
48 47 53
48 49 67
48 51 66
48 52 68
48 53 99
48 55 39
48 56 73
48 57 4
48 58 50
48 59 26
48 60 22
48 61 60
48 62 76
48 63 28
48 64 74
48 66 83
48 67 32
48 68 4
48 69 50
48 70 30
48 71 41
48 72 27
48 74 3
48 76 6
48 77 36
48 78 66
48 79 83
48 80 77
48 81 90
48 82 20
48 83 38
48 85 58
48 86 6
48 88 86
48 89 18
48 90 12
48 91 63
48 92 30
48 93 56
48 94 34
48 95 10
48 96 19
48 97 44
48 99 3
49 1 57
49 3 10
49 5 71
49 6 85
49 7 66
49 9 38
49 11 6
49 14 27
49 15 2
49 16 52
49 17 48
49 18 90
49 19 5
49 20 22
49 24 69
49 25 98
49 26 95
49 27 1
49 28 80
49 29 98
49 30 58
49 32 5
49 34 39
49 35 71
49 36 17
49 37 50
49 39 57
49 40 90
49 41 55
49 43 62
49 48 99
49 52 61
49 53 54
49 54 49
49 56 11
49 57 17
49 58 2
49 59 67
49 60 43
49 63 48
49 64 69
49 65 81
49 66 38
49 68 16
49 69 7
49 71 84
49 72 36
49 73 42
49 74 72
49 75 17
49 76 20
49 77 32
49 79 18
49 81 28
49 82 34
49 84 80
49 85 44
49 86 41
49 87 80
49 88 57
49 89 4
49 90 31
49 92 12
49 93 36
49 94 88
49 95 96
49 96 63
49 97 49
49 98 72
49 99 33
50 2 93
50 4 82
50 5 89
50 8 38
50 9 96
50 10 7
50 11 8
50 12 81
50 13 35
50 14 76
50 15 98
50 16 60
50 18 21
50 21 71
50 22 94
50 23 26
50 24 50
50 25 83
50 26 44
50 27 77
50 28 62
50 29 19
50 30 34
50 32 33
50 34 4
50 35 41
50 36 52
50 37 62
50 38 13
50 40 49
50 42 32
50 43 83
50 45 13
50 46 61
50 47 73
50 48 85
50 49 55
50 51 20
50 52 97
50 53 45
50 54 62
50 56 87
50 58 54
50 59 32
50 60 90
50 64 99
50 66 64
50 67 15
50 68 53
50 69 23
50 71 1
50 73 64
50 74 10
50 75 22
50 76 95
50 77 31
50 78 36
50 79 17
50 80 69
50 82 68
50 84 61
50 85 94
50 86 80
50 87 30
50 88 35
50 89 40
50 90 17
50 91 87
50 92 41
50 93 60
50 95 63
50 98 93
50 99 68
51 1 97
51 3 31
51 4 22
51 5 58
51 6 96
51 7 83
51 9 18
51 11 11
51 12 59
51 13 1
51 14 17
51 15 84
51 16 26
51 17 55
51 18 53
51 20 50
51 21 8
51 22 63
51 23 11
51 24 22
51 27 86
51 28 92
51 29 36
51 30 41
51 31 11
51 34 37
51 35 87
51 38 96
51 39 99
51 41 63
51 42 71
51 43 88
51 44 40
51 45 10
51 46 51
51 48 1
51 49 23
51 52 65
51 53 34
51 55 94
51 56 71
51 57 15
51 58 90
51 59 16
51 60 46
51 61 29
51 63 52
51 64 2
51 65 82
51 68 69
51 69 15
51 71 73
51 72 61
51 73 44
51 75 99
51 77 49
51 78 58
51 79 37
51 80 44
51 82 3
51 83 46
51 84 76
51 85 18
51 86 50
51 87 26
51 88 82
51 89 18
51 91 50
51 92 30
51 93 29
51 94 9
51 95 24
51 97 12
52 0 36
52 2 23
52 5 58
52 6 13
52 8 39
52 10 50
52 12 46
52 13 22
52 15 75
52 16 17
52 18 7
52 19 57
52 22 63
52 23 64
52 25 83
52 26 81
52 27 89
52 28 1
52 30 2
52 32 37
52 33 17
52 34 48
52 35 41
52 36 63
52 37 3
52 38 38
52 40 13
52 41 70
52 42 6
52 44 39
52 46 30
52 47 83
52 49 5
52 50 61
52 51 92
52 53 67
52 54 90
52 56 81
52 58 14
52 59 46
52 61 47
52 62 40
52 63 55
52 64 83
52 66 19
52 67 83
52 68 56
52 69 89
52 71 64
52 72 95
52 74 57
52 75 34
52 77 50
52 78 86
52 81 68
52 83 15
52 85 61
52 86 54
52 88 46
52 89 13
52 90 8
52 91 96
52 92 45
52 93 83
52 94 76
52 95 3
52 96 58
52 97 85
52 98 76
52 99 10
53 0 51
53 2 41
53 3 80
53 5 88
53 6 12
53 7 91
53 8 14
53 10 34
53 11 98
53 12 42
53 13 11
53 14 21
53 15 71
53 16 25
53 17 46
53 18 55
53 20 7
53 22 1
53 23 45
53 24 53
53 25 20
53 28 94
53 29 98
53 30 79
53 31 72
53 33 28
53 34 6
53 35 91
53 36 25
53 38 52
53 39 81
53 41 1
53 42 65
53 44 6
53 50 69
53 52 63
53 55 87
53 58 61
53 60 37
53 61 86
53 62 73
53 63 32
53 64 13
53 65 62
53 66 78
53 67 79
53 68 2
53 69 51
53 70 98
53 72 60
53 74 33
53 75 91
53 76 44
53 79 70
53 81 86
53 82 60
53 83 87
53 89 17
53 93 15
53 94 32
53 95 52
53 96 54
53 97 47
54 4 56
54 7 14
54 9 6
54 10 49
54 11 7
54 12 20
54 13 55
54 17 90
54 18 71
54 19 50
54 20 44
54 22 51
54 25 89
54 26 18
54 27 86
54 28 34
54 29 71
54 33 83
54 35 50
54 36 66
54 37 9
54 38 66
54 39 10
54 40 99
54 42 61
54 43 70
54 44 85
54 45 12
54 46 25
54 47 93
54 48 42
54 49 86
54 51 33
54 55 87
54 56 80
54 57 72
54 58 96
54 59 90
54 60 17
54 61 27
54 63 67
54 64 2
54 65 81
54 67 37
54 69 56
54 71 78
54 72 73
54 74 58
54 75 71
54 76 71
54 78 73
54 79 9
54 80 83
54 81 13
54 82 73
54 83 78
54 85 5
54 86 66
54 87 59
54 88 65
54 89 76
54 90 56
54 92 39
54 94 73
54 95 39
54 96 88
54 97 52
54 98 88
54 99 15
55 0 39
55 1 92
55 2 8
55 3 21
55 4 75
55 5 38
55 6 94
55 7 99
55 8 94
55 9 69
55 12 29
55 16 95
55 17 92
55 19 15
55 21 80
55 22 91
55 23 26
55 24 59
55 25 38
55 26 98
55 28 54
55 29 23
55 30 70
55 31 16
55 32 79
55 34 61
55 35 75
55 36 43
55 37 8
55 38 28
55 39 33
55 43 44
55 44 82
55 45 70
55 48 23
55 49 42
55 54 60
55 56 98
55 57 38
55 58 44
55 61 11
55 62 48
55 63 4
55 64 90
55 65 46
55 66 95
55 67 11
55 68 24
55 69 33
55 70 90
55 71 90
55 72 2
55 73 1
55 74 49
55 75 56
55 76 44
55 79 7
55 80 27
55 81 87
55 83 72
55 84 21
55 85 19
55 86 96
55 90 87
55 91 47
55 92 62
55 95 52
55 97 81
55 98 48
55 99 82
56 0 95
56 1 68
56 2 62
56 3 29
56 4 20
56 6 27
56 7 8
56 8 23
56 11 88
56 12 8
56 13 35
56 14 39
56 16 29
56 17 73
56 19 18
56 22 89
56 23 31
56 25 17
56 26 56
56 27 22
56 28 99
56 29 70
56 30 44
56 31 3
56 34 85
56 36 59
56 39 87
56 41 78
56 42 68
56 43 43
56 45 72
56 48 8
56 49 40
56 50 86
56 51 84
56 52 83
56 53 97
56 57 7
56 60 43
56 61 46
56 62 7
56 63 82
56 64 52
56 65 24
56 67 69
56 68 86
56 69 36
56 71 97
56 74 21
56 76 57
56 78 35
56 79 48
56 81 48
56 82 34
56 83 17
56 84 30
56 86 39
56 87 42
56 89 88
56 90 55
56 92 50
56 94 36
56 95 5
56 97 73
56 98 91
57 0 26
57 1 83
57 2 83
57 3 55
57 4 66
57 5 71
57 6 81
57 7 83
57 9 6
57 10 17
57 11 2
57 12 28
57 14 90
57 15 47
57 16 23
57 17 30
57 18 35
57 19 45
57 20 5
57 21 69
57 22 11
57 24 42
57 25 57
57 26 45
57 27 34
57 28 9
57 29 9
57 30 7
57 31 32
57 32 70
57 34 83
57 35 70
57 37 88
57 38 17
57 39 24
57 40 48
57 41 38
57 42 21
57 43 63
57 44 6
57 45 80
57 47 92
57 48 12
57 49 90
57 50 45
57 51 34
57 52 93
57 53 93
57 54 22
57 55 73
57 56 18
57 58 1
57 60 55
57 61 54
57 62 45
57 63 86
57 65 40
57 66 19
57 68 64
57 69 59
57 70 17
57 72 49
57 73 15
57 75 57
57 76 60
57 78 93
57 80 88
57 81 10
57 82 46
57 84 47
57 85 23
57 88 37
57 90 92
57 92 73
57 96 38
57 97 37
57 98 97
57 99 86
58 5 45
58 6 21
58 8 3
58 9 30
58 10 95
58 12 48
58 14 29
58 15 61
58 20 76
58 21 4
58 22 79
58 26 63
58 27 24
58 28 9
58 29 37
58 30 46
58 31 3
58 32 22
58 34 30
58 35 79
58 36 15
58 37 1
58 38 71
58 39 47
58 40 95
58 42 73
58 43 39
58 46 59
58 47 46
58 48 68
58 49 28
58 50 85
58 52 28
58 53 24
58 54 62
58 55 83
58 56 58
58 60 68
58 61 7
58 62 41
58 63 89
58 65 82
58 66 36
58 67 32
58 71 40
58 72 24
58 77 28
58 81 83
58 83 72
58 86 36
58 87 40
58 88 73
58 89 53
58 90 47
58 91 46
58 92 87
58 93 95
58 95 18
58 96 79
58 97 85
58 98 63
59 0 73
59 1 15
59 2 53
59 3 81
59 4 45
59 6 73
59 7 99
59 8 9
59 9 73
59 10 80
59 12 15
59 14 88
59 15 11
59 16 17
59 17 56
59 18 23
59 19 15
59 22 98
59 23 60
59 24 55
59 25 74
59 27 84
59 28 23
59 30 50
59 33 51
59 35 14
59 36 91
59 37 20
59 40 53
59 42 83
59 47 85
59 48 44
59 49 58
59 51 21
59 52 19
59 53 23
59 54 98
59 55 15
59 56 74
59 57 77
59 62 38
59 63 15
59 64 65
59 66 85
59 67 61
59 70 56
59 71 66
59 72 51
59 73 5
59 79 2
59 80 28
59 82 59
59 83 65
59 86 23
59 87 29
59 88 41
59 89 57
59 90 12
59 92 49
59 93 67
59 94 6
59 95 31
59 97 75
59 98 36
59 99 66
60 0 58
60 1 59
60 2 99
60 4 88
60 6 86
60 7 12
60 8 23
60 13 25
60 14 69
60 15 75
60 17 54
60 18 43
60 19 34
60 20 54
60 23 79
60 24 11
60 25 62
60 26 21
60 28 62
60 29 24
60 30 57
60 31 18
60 32 67
60 34 13
60 36 68
60 37 77
60 40 90
60 41 2
60 42 38
60 43 42
60 44 73
60 45 33
60 47 85
60 48 6
60 49 37
60 50 93
60 52 96
60 53 55
60 54 89
60 55 21
60 57 17
60 58 90
60 59 41
60 62 61
60 63 77
60 64 45
60 65 7
60 66 4
60 68 34
60 69 23
60 70 27
60 72 22
60 73 86
60 74 92
60 76 22
60 77 45
60 78 35
60 79 66
60 80 82
60 82 46
60 84 17
60 85 23
60 90 62
60 91 36
60 92 68
60 93 93
60 94 45
60 95 82
60 96 68
60 97 31
60 98 45
60 99 15
61 0 71
61 4 7
61 7 63
61 8 64
61 9 68
61 11 60
61 13 99
61 14 8
61 15 40
61 17 56
61 19 17
61 20 44
61 21 80
61 23 38
61 24 8
61 25 67
61 26 76
61 27 43
61 28 37
61 30 75
61 32 29
61 35 26
61 36 3
61 37 70
61 38 48
61 39 76
61 40 91
61 42 76
61 44 21
61 50 42
61 51 50
61 56 5
61 57 40
61 58 97
61 59 50
61 60 68
61 62 86
61 64 40
61 65 81
61 66 77
61 67 61
61 68 65
61 72 96
61 73 60
61 75 92
61 76 33
61 77 7
61 80 13
61 81 28
61 83 91
61 86 53
61 87 28
61 90 82
61 92 94
61 93 78
61 94 16
61 95 43
61 96 68
61 98 82
62 2 26
62 5 96
62 6 67
62 7 55
62 8 75
62 9 29
62 10 15
62 11 96
62 13 62
62 14 77
62 15 70
62 16 68
62 17 22
62 18 45
62 19 33
62 22 57
62 23 72
62 26 38
62 28 37
62 29 49
62 30 90
62 31 21
62 32 52
62 35 17
62 36 87
62 38 10
62 39 44
62 41 21
62 43 2
62 44 23
62 45 1
62 46 73
62 48 42
62 49 29
62 52 36
62 54 80
62 55 57
62 58 49
62 60 64
62 61 19
62 64 89
62 66 84
62 67 2
62 68 94
62 69 9
62 70 79
62 73 2
62 74 70
62 75 31
62 77 96
62 78 71
62 79 58
62 80 3
62 81 41
62 82 90
62 84 6
62 88 85
62 89 55
62 90 37
62 91 27
62 95 33
62 96 92
62 97 23
63 0 95
63 1 16
63 2 56
63 5 5
63 6 43
63 7 79
63 8 48
63 9 20
63 10 40
63 12 98
63 13 60
63 14 47
63 16 38
63 17 19
63 18 79
63 20 99
63 21 59
63 22 14
63 23 64
63 25 79
63 26 15
63 29 97
63 30 35
63 31 50
63 32 77
63 34 37
63 36 79
63 37 46
63 38 94
63 39 61
63 43 34
63 44 15
63 45 54
63 47 91
63 48 34
63 49 30
63 51 98
63 52 23
63 53 80
63 54 28
63 55 4
63 57 31
63 58 26
63 59 85
63 60 98
63 61 74
63 64 13
63 65 81
63 66 80
63 67 96
63 68 80
63 70 15
63 71 79
63 72 36
63 73 77
63 74 80
63 75 52
63 76 23
63 78 50
63 79 88
63 80 67
63 81 14
63 82 88
63 86 55
63 88 38
63 89 90
63 90 32
63 91 45
63 92 27
63 95 95
63 98 90
63 99 18
64 0 13
64 2 27
64 3 93
64 4 38
64 5 80
64 7 6
64 8 57
64 9 28
64 10 96
64 11 11
64 12 18
64 13 2
64 14 89
64 15 36
64 16 21
64 20 71
64 21 39
64 22 73
64 26 97
64 27 8
64 28 44
64 29 73
64 30 59
64 31 12
64 32 83
64 33 74
64 36 37
64 37 37
64 41 84
64 42 44
64 43 70
64 44 40
64 45 7
64 46 63
64 47 53
64 51 19
64 53 47
64 54 43
64 55 80
64 56 86
64 59 96
64 61 87
64 62 6
64 63 98
64 68 62
64 73 44
64 74 83
64 76 73
64 77 91
64 80 13
64 81 98
64 82 9
64 83 22
64 85 6
64 86 96
64 87 64
64 88 21
64 89 93
64 93 14
64 96 99
64 97 59
64 99 89
65 1 33
65 2 75
65 3 4
65 4 29
65 8 38
65 11 12
65 12 74
65 14 75
65 15 63
65 16 35
65 17 51
65 19 68
65 22 1
65 24 95
65 25 7
65 28 12
65 31 80
65 32 58
65 33 54
65 35 67
65 36 18
65 37 59
65 39 37
65 40 71
65 41 19
65 42 68
65 43 57
65 44 9
65 46 23
65 47 72
65 49 98
65 50 89
65 53 55
65 54 48
65 56 51
65 57 77
65 59 20
65 60 89
65 61 5
65 62 55
65 63 9
65 64 55
65 66 77
65 67 22
65 69 90
65 70 10
65 71 49
65 72 39
65 73 32
65 74 48
65 75 84
65 77 13
65 78 74
65 79 45
65 80 64
65 83 32
65 87 38
65 88 26
65 91 8
65 93 14
65 94 57
65 96 23
65 97 43
65 98 39
65 99 64
66 1 75
66 3 33
66 6 84
66 7 48
66 9 64
66 11 16
66 13 56
66 15 30
66 16 20
66 17 69
66 21 71
66 22 76
66 24 82
66 28 10
66 29 9
66 30 33
66 31 47
66 32 98
66 34 64
66 35 97
66 36 66
66 38 69
66 41 99
66 42 1
66 43 24
66 44 59
66 45 99
66 47 54
66 48 1
66 51 62
66 52 22
66 53 32
66 55 58
66 56 67
66 57 82
66 58 63
66 60 47
66 61 99
66 62 42
66 64 31
66 65 80
66 67 8
66 68 2
66 70 40
66 71 16
66 72 24
66 73 17
66 75 37
66 76 65
66 78 82
66 81 68
66 83 22
66 84 5
66 85 95
66 86 37
66 87 54
66 88 17
66 89 30
66 90 5
66 91 51
66 93 38
66 94 91
66 97 98
66 98 84
67 0 62
67 3 94
67 4 69
67 6 12
67 7 37
67 8 64
67 9 59
67 10 78
67 11 28
67 12 91
67 13 81
67 15 48
67 16 80
67 17 25
67 18 37
67 20 43
67 22 87
67 23 14
67 24 83
67 26 58
67 27 76
67 28 80
67 29 63
67 30 69
67 31 8
67 32 55
67 33 1
67 35 79
67 38 88
67 40 60
67 41 26
67 42 61
67 43 38
67 44 8
67 45 39
67 46 89
67 48 65
67 49 72
67 51 73
67 52 96
67 53 36
67 54 75
67 56 96
67 57 27
67 58 11
67 60 56
67 61 16
67 62 67
67 64 21
67 65 49
67 66 24
67 69 1
67 70 4
67 71 10
67 73 1
67 74 97
67 75 86
67 76 27
67 77 5
67 80 31
67 82 18
67 88 81
67 89 45
67 90 38
67 92 16
67 93 57
67 94 42
67 95 58
67 97 69
67 98 17
67 99 18
68 0 32
68 3 61
68 4 74
68 8 96
68 11 53
68 14 30
68 16 85
68 17 12
68 19 38
68 21 73
68 22 93
68 23 48
68 24 48
68 25 4
68 26 47
68 28 80
68 29 84
68 32 10
68 33 10
68 34 35
68 35 69
68 36 14
68 37 32
68 38 82
68 39 86
68 40 78
68 42 67
68 43 65
68 44 20
68 45 57
68 46 85
68 49 37
68 50 95
68 51 70
68 52 45
68 53 2
68 54 55
68 55 73
68 56 55
68 58 91
68 62 15
68 63 55
68 64 92
68 65 32
68 66 64
68 67 20
68 70 16
68 71 14
68 72 49
68 73 47
68 74 36
68 75 52
68 77 92
68 78 36
68 81 33
68 83 66
68 84 8
68 85 47
68 86 53
68 88 65
68 89 72
68 92 61
68 94 20
68 95 71
68 97 83
68 98 49
68 99 51
69 1 10
69 2 8
69 4 48
69 6 93
69 7 4
69 8 23
69 9 22
69 10 75
69 11 45
69 13 95
69 19 76
69 20 34
69 21 26
69 22 7
69 26 96
69 28 88
69 29 94
69 30 29
69 31 67
69 35 19
69 38 46
69 39 63
69 41 12
69 42 49
69 43 15
69 44 64
69 45 27
69 46 86
69 47 58
69 48 68
69 55 24
69 56 68
69 58 97
69 59 9
69 60 86
69 61 86
69 62 15
69 64 28
69 65 38
69 67 52
69 68 94
69 70 17
69 71 51
69 73 18
69 76 86
69 77 74
69 78 93
69 79 52
69 80 84
69 85 76
69 86 62
69 88 69
69 89 45
69 91 30
69 94 3
69 97 94
69 98 85
70 0 63
70 1 75
70 3 89
70 4 88
70 5 33
70 6 57
70 8 25
70 9 93
70 10 69
70 11 70
70 12 80
70 15 6
70 18 48
70 19 78
70 20 7
70 22 68
70 24 49
70 25 51
70 27 56
70 31 14
70 32 68
70 33 28
70 34 14
70 35 86
70 36 30
70 37 43
70 38 30
70 39 44
70 40 63
70 42 37
70 43 48
70 44 32
70 45 45
70 48 70
70 49 3
70 50 18
70 52 92
70 53 62
70 54 33
70 56 53
70 57 22
70 59 66
70 60 81
70 61 3
70 62 89
70 64 57
70 65 73
70 66 48
70 71 83
70 75 78
70 77 75
70 78 99
70 79 88
70 86 79
70 87 46
70 88 73
70 89 52
70 90 45
70 91 14
70 92 98
70 94 37
70 95 34
70 96 55
70 97 23
70 98 46
70 99 75
71 0 60
71 1 72
71 5 17
71 7 17
71 9 61
71 10 71
71 11 9
71 12 5
71 14 65
71 15 16
71 16 76
71 17 64
71 18 53
71 19 85
71 22 21
71 24 42
71 27 18
71 29 10
71 31 71
71 34 92
71 35 48
71 36 83
71 38 81
71 39 34
71 40 91
71 42 95
71 43 72
71 44 20
71 45 93
71 46 65
71 49 37
71 50 50
71 51 40
71 52 75
71 53 47
71 54 46
71 55 77
71 57 21
71 58 96
71 59 33
71 60 78
71 61 12
71 62 65
71 63 50
71 64 92
71 66 44
71 69 70
71 70 56
71 72 92
71 73 51
71 74 72
71 76 2
71 78 94
71 80 2
71 81 15
71 82 32
71 83 73
71 84 88
71 85 8
71 86 54
71 89 31
71 90 28
71 91 92
71 92 11
71 93 95
71 94 80
71 96 13
71 97 11
71 98 9
71 99 56
72 0 32
72 2 56
72 4 29
72 5 20
72 6 68
72 7 62
72 9 60
72 10 57
72 11 16
72 12 31
72 13 61
72 14 73
72 15 94
72 18 28
72 19 65
72 20 87
72 21 11
72 22 40
72 24 65
72 25 67
72 27 42
72 28 42
72 31 75
72 32 68
72 33 75
72 34 73
72 35 25
72 38 53
72 40 70
72 41 23
72 42 16
72 43 32
72 44 26
72 46 42
72 47 27
72 48 64
72 51 11
72 52 75
72 53 12
72 54 26
72 56 53
72 57 48
72 59 85
72 60 79
72 61 91
72 62 28
72 64 50
72 65 60
72 66 84
72 67 76
72 68 54
72 69 95
72 70 93
72 71 11
72 73 40
72 74 16
72 75 33
72 76 67
72 78 1
72 79 32
72 80 8
72 81 81
72 83 70
72 84 13
72 85 47
72 86 41
72 87 2
72 89 55
72 91 29
72 92 33
72 93 42
72 96 5
72 97 74
72 98 3
72 99 62
73 0 21
73 2 23
73 3 62
73 4 41
73 5 37
73 6 10
73 8 27
73 9 36
73 12 81
73 13 2
73 14 77
73 17 72
73 18 24
73 22 91
73 23 42
73 24 40
73 25 42
73 26 22
73 27 85
73 29 25
73 30 91
73 33 62
73 34 33
73 35 21
73 37 87
73 38 7
73 40 52
73 43 79
73 44 46
73 45 34
73 47 15
73 48 90
73 49 43
73 51 43
73 52 61
73 54 33
73 55 1
73 56 89
73 57 42
73 58 52
73 61 90
73 62 97
73 64 18
73 65 47
73 67 31
73 68 69
73 70 4
73 71 13
73 72 97
73 74 40
73 75 69
73 76 91
73 77 44
73 78 80
73 80 15
73 81 20
73 82 15
73 83 83
73 85 19
73 86 64
73 87 51
73 88 90
73 89 75
73 90 44
73 91 36
73 92 88
73 94 8
73 95 65
73 96 4
73 98 36
73 99 42
74 0 38
74 2 91
74 3 63
74 4 65
74 5 63
74 6 40
74 11 44
74 12 49
74 13 42
74 14 38
74 17 54
74 18 87
74 19 42
74 20 4
74 22 83
74 25 14
74 26 90
74 27 27
74 31 7
74 33 83
74 35 93
74 36 48
74 40 8
74 41 20
74 42 9
74 44 89
74 45 59
74 48 96
74 49 30
74 50 79
74 52 47
74 53 37
74 54 39
74 56 36
74 57 27
74 61 58
74 62 35
74 63 53
74 64 38
74 66 69
74 68 69
74 69 82
74 76 20
74 77 71
74 78 40
74 79 55
74 80 46
74 81 22
74 82 49
74 84 50
74 85 37
74 87 82
74 88 48
74 90 36
74 92 86
74 93 60
74 94 5
74 95 34
74 96 73
74 97 55
74 99 11
75 0 48
75 3 79
75 8 62
75 9 38
75 10 44
75 11 38
75 12 89
75 13 65
75 14 48
75 15 36
75 21 71
75 22 51
75 24 36
75 25 88
75 27 27
75 28 72
75 29 5
75 30 84
75 31 25
75 32 93
75 33 34
75 38 97
75 39 39
75 41 14
75 42 61
75 43 36
75 44 90
75 45 94
75 47 80
75 52 4
75 53 81
75 54 61
75 55 52
75 56 46
75 57 54
75 58 50
75 60 17
75 61 54
75 62 74
75 63 25
75 65 75
75 66 48
75 68 57
75 69 84
75 71 72
75 72 97
75 73 77
75 74 98
75 76 92
75 77 92
75 78 19
75 81 9
75 82 84
75 83 54
75 84 9
75 86 83
75 87 4
75 88 64
75 89 35
75 90 42
75 93 34
75 95 42
75 96 37
75 97 48
75 98 46
75 99 80
76 1 78
76 2 18
76 3 82
76 4 56
76 5 67
76 9 22
76 10 28
76 12 54
76 13 88
76 14 68
76 17 76
76 18 74
76 19 27
76 20 60
76 22 73
76 23 62
76 25 94
76 26 85
76 27 90
76 28 63
76 29 53
76 31 41
76 32 9
76 35 6
76 36 71
76 37 98
76 38 67
76 39 89
76 41 56
76 42 83
76 43 3
76 44 24
76 45 65
76 46 8
76 47 52
76 48 96
76 50 27
76 52 81
76 53 1
76 56 36
76 58 85
76 59 35
76 60 87
76 62 24
76 63 81
76 64 30
76 65 1
76 68 61
76 70 42
76 75 5
76 77 4
76 78 87
76 79 1
76 80 97
76 83 52
76 84 91
76 85 92
76 86 67
76 88 73
76 89 63
76 90 21
76 91 18
76 92 89
76 93 26
76 94 84
76 95 78
76 96 66
76 98 24
77 0 28
77 1 98
77 2 10
77 3 81
77 4 13
77 5 24
77 7 22
77 9 18
77 11 67
77 12 20
77 13 89
77 14 78
77 16 88
77 17 32
77 18 35
77 19 1
77 21 65
77 22 79
77 24 92
77 25 62
77 26 59
77 27 96
77 28 42
77 32 84
77 33 16
77 34 37
77 35 68
77 37 63
77 38 72
77 39 69
77 40 64
77 41 64
77 42 18
77 43 79
77 44 26
77 46 3
77 47 84
77 49 51
77 50 2
77 51 42
77 52 43
77 53 96
77 54 79
77 55 24
77 56 2
77 57 86
77 59 87
77 60 5
77 61 98
77 62 10
77 64 78
77 66 92
77 68 38
77 69 3
77 70 52
77 72 86
77 74 66
77 75 52
77 76 99
77 79 45
77 80 7
77 82 94
77 83 67
77 84 7
77 86 43
77 87 95
77 88 3
77 89 57
77 90 45
77 91 4
77 93 24
77 94 63
77 95 9
77 98 3
77 99 35
78 2 46
78 3 89
78 6 76
78 8 18
78 10 49
78 12 61
78 14 40
78 16 27
78 18 19
78 22 21
78 23 62
78 24 30
78 25 89
78 27 20
78 28 97
78 31 89
78 32 65
78 33 99
78 37 88
78 38 7
78 39 67
78 40 61
78 44 17
78 45 10
78 47 94
78 48 98
78 51 54
78 53 22
78 54 46
78 55 30
78 56 84
78 57 41
78 59 82
78 61 10
78 62 90
78 63 31
78 64 78
78 67 13
78 68 3
78 69 81
78 71 56
78 72 56
78 73 49
78 80 41
78 81 31
78 82 63
78 83 2
78 84 21
78 85 43
78 86 77
78 88 52
78 90 2
78 91 11
78 92 26
78 94 80
78 96 12
78 98 37
78 99 13
79 0 3
79 2 76
79 3 38
79 4 29
79 5 38
79 8 25
79 10 69
79 11 39
79 14 42
79 15 54
79 17 91
79 18 38
79 19 84
79 21 49
79 22 72
79 24 58
79 25 47
79 26 92
79 27 16
79 28 97
79 30 12
79 31 53
79 32 28
79 34 90
79 36 97
79 37 78
79 39 95
79 41 9
79 42 9
79 44 61
79 46 61
79 50 24
79 51 38
79 52 48
79 55 17
79 56 61
79 57 94
79 58 26
79 59 15
79 60 11
79 61 70
79 62 23
79 64 44
79 66 96
79 69 57
79 70 29
79 71 77
79 72 93
79 73 18
79 74 15
79 75 17
79 77 57
79 78 79
79 80 72
79 81 43
79 82 29
79 83 10
79 84 44
79 85 13
79 86 99
79 87 29
79 89 38
79 90 36
79 91 67
79 92 84
79 93 4
79 94 75
79 95 93
79 96 19
79 97 66
79 99 41
80 0 3
80 3 78
80 4 90
80 5 84
80 7 76
80 9 30
80 10 39
80 13 98
80 14 19
80 15 56
80 16 49
80 22 6
80 24 46
80 25 24
80 26 80
80 28 62
80 33 70
80 34 9
80 36 53
80 38 55
80 39 74
80 41 73
80 44 28
80 45 55
80 50 87
80 51 47
80 53 70
80 54 69
80 56 43
80 60 84
80 64 29
80 66 76
80 67 93
80 68 81
80 69 98
80 70 67
80 71 92
80 72 21
80 73 72
80 75 84
80 76 63
80 79 43
80 82 39
80 89 64
80 90 24
80 92 65
80 93 81
80 95 41
80 96 35
80 97 22
80 98 28
80 99 9
81 0 68
81 3 63
81 4 24
81 5 50
81 6 59
81 7 39
81 8 45
81 10 89
81 11 22
81 13 51
81 15 7
81 16 49
81 17 11
81 19 77
81 20 4
81 21 21
81 26 33
81 28 45
81 29 17
81 31 17
81 32 88
81 35 99
81 36 13
81 37 53
81 38 80
81 39 54
81 40 78
81 41 87
81 43 23
81 44 32
81 47 32
81 48 7
81 49 99
81 50 63
81 52 81
81 53 7
81 54 93
81 55 65
81 56 65
81 57 95
81 58 54
81 59 38
81 60 11
81 61 67
81 63 12
81 66 39
81 67 10
81 68 62
81 71 34
81 72 1
81 73 40
81 74 95
81 75 40
81 76 45
81 78 22
81 79 61
81 80 20
81 82 7
81 84 91
81 86 37
81 88 40
81 89 17
81 90 4
81 91 61
81 93 75
81 94 70
81 95 69
81 96 89
81 97 12
82 0 82
82 2 33
82 4 30
82 5 65
82 6 94
82 7 92
82 8 4
82 10 24
82 11 66
82 12 74
82 13 32
82 14 14
82 15 20
82 16 70
82 18 88
82 20 8
82 23 39
82 26 45
82 27 37
82 30 50
82 31 1
82 32 29
82 33 84
82 35 95
82 36 90
82 38 96
82 40 60
82 41 77
82 43 91
82 45 78
82 47 7
82 50 30
82 51 92
82 52 13
82 53 39
82 54 42
82 55 55
82 56 56
82 57 97
82 58 77
82 60 29
82 61 78
82 62 10
82 64 3
82 65 64
82 66 54
82 67 59
82 68 22
82 70 4
82 71 51
82 74 57
82 75 96
82 76 61
82 78 30
82 79 95
82 81 9
82 84 68
82 85 56
82 86 13
82 87 66
82 89 69
82 90 13
82 91 81
82 92 2
82 93 72
82 95 21
82 96 21
82 98 78
82 99 57
83 0 3
83 1 42
83 5 54
83 6 81
83 7 4
83 8 74
83 9 47
83 10 47
83 11 98
83 12 52
83 13 51
83 16 24
83 17 66
83 18 80
83 19 2
83 20 88
83 21 51
83 22 85
83 25 96
83 27 14
83 29 30
83 30 33
83 32 62
83 34 54
83 36 18
83 37 64
83 40 41
83 43 79
83 45 39
83 47 62
83 48 63
83 50 7
83 52 58
83 53 85
83 55 4
83 58 92
83 59 31
83 60 54
83 61 62
83 62 61
83 63 15
83 64 11
83 65 75
83 66 39
83 67 25
83 68 92
83 69 96
83 70 5
83 71 47
83 74 75
83 76 43
83 77 14
83 78 41
83 79 93
83 80 41
83 81 20
83 85 34
83 86 29
83 87 20
83 88 33
83 90 38
83 91 69
83 92 73
83 94 14
83 96 70
83 97 44
83 98 43
83 99 29
84 1 68
84 3 17
84 4 76
84 5 60
84 6 41
84 8 37
84 9 35
84 11 88
84 13 32
84 15 53
84 16 65
84 17 93
84 18 1
84 19 61
84 20 76
84 21 47
84 24 96
84 25 72
84 28 93
84 30 46
84 31 15
84 32 2
84 33 13
84 35 66
84 36 15
84 37 88
84 39 73
84 43 75
84 44 33
84 46 85
84 47 33
84 48 38
84 49 42
84 50 72
84 51 22
84 53 36
84 55 11
84 56 21
84 57 74
84 58 25
84 59 57
84 60 87
84 61 52
84 62 63
84 63 15
84 65 27
84 66 4
84 67 66
84 68 74
84 73 92
84 74 96
84 75 79
84 77 85
84 78 62
84 79 33
84 81 73
84 85 37
84 86 49
84 87 31
84 88 56
84 90 87
84 91 61
84 92 47
84 94 13
84 96 68
84 97 95
84 99 38
85 0 49
85 3 72
85 5 12
85 6 57
85 9 52
85 11 90
85 16 83
85 17 77
85 18 1
85 19 62
85 21 53
85 22 25
85 23 64
85 25 16
85 27 40
85 28 24
85 30 13
85 31 8
85 33 91
85 34 54
85 35 70
85 41 1
85 43 20
85 47 69
85 48 6
85 49 21
85 50 66
85 51 27
85 52 86
85 53 73
85 54 27
85 55 18
85 56 33
85 57 12
85 59 15
85 61 89
85 63 50
85 66 37
85 67 19
85 68 39
85 70 52
85 71 95
85 73 71
85 75 25
85 77 48
85 78 11
85 79 47
85 80 40
85 81 10
85 82 35
85 84 48
85 87 36
85 88 41
85 89 56
85 90 63
85 93 48
85 94 48
85 95 17
85 96 66
85 97 4
85 98 50
85 99 55
86 1 40
86 2 38
86 3 36
86 4 8
86 5 45
86 6 7
86 7 6
86 8 1
86 9 54
86 10 49
86 12 72
86 13 10
86 14 28
86 15 79
86 17 35
86 18 90
86 20 87
86 21 88
86 22 21
86 23 99
86 24 96
86 25 50
86 27 39
86 28 87
86 29 43
86 30 89
86 31 78
86 33 80
86 34 26
86 35 87
86 38 79
86 39 68
86 42 76
86 43 43
86 44 9
86 45 48
86 46 13
86 49 72
86 50 68
86 51 78
86 52 92
86 56 45
86 58 48
86 59 74
86 60 25
86 61 1
86 63 13
86 64 4
86 65 9
86 66 80
86 67 90
86 68 77
86 70 11
86 72 84
86 74 87
86 75 87
86 76 92
86 77 33
86 80 8
86 81 46
86 82 58
86 83 64
86 88 8
86 91 41
86 92 9
86 98 9
86 99 53
87 0 12
87 1 45
87 2 88
87 3 93
87 4 53
87 5 46
87 6 18
87 7 63
87 8 97
87 10 97
87 12 55
87 15 35
87 17 2
87 19 63
87 20 14
87 23 55
87 24 97
87 25 64
87 26 18
87 27 15
87 28 54
87 31 5
87 32 69
87 33 60
87 34 43
87 35 53
87 36 12
87 37 46
87 38 70
87 39 28
87 41 69
87 45 47
87 46 30
87 47 76
87 48 50
87 50 2
87 51 84
87 52 78
87 53 6
87 54 63
87 55 40
87 56 79
87 57 44
87 58 76
87 60 76
87 61 62
87 62 59
87 63 81
87 66 35
87 67 38
87 68 64
87 70 20
87 71 73
87 74 90
87 76 30
87 77 49
87 78 32
87 79 12
87 80 59
87 81 90
87 85 28
87 86 82
87 88 22
87 89 56
87 90 63
87 91 98
87 92 10
87 93 1
87 95 97
87 97 97
87 98 14
87 99 37
88 0 40
88 3 56
88 4 49
88 5 43
88 6 69
88 7 30
88 10 27
88 11 86
88 12 19
88 13 63
88 14 36
88 15 88
88 16 89
88 17 49
88 20 86
88 22 92
88 23 65
88 24 80
88 25 5
88 27 91
88 28 58
88 34 31
88 35 60
88 36 23
88 37 86
88 38 69
88 40 30
88 41 39
88 42 81
88 43 41
88 44 77
88 45 3
88 46 15
88 47 71
88 48 21
88 49 37
88 52 4
88 54 18
88 55 59
88 56 38
88 57 72
88 59 47
88 60 1
88 61 11
88 62 33
88 63 94
88 64 75
88 65 25
88 66 20
88 67 13
88 68 74
88 70 84
88 72 26
88 74 41
88 76 38
88 77 50
88 79 86
88 80 5
88 81 3
88 82 72
88 86 25
88 87 61
88 89 59
88 90 77
88 91 65
88 92 71
88 94 87
88 95 57
88 97 4
88 98 76
88 99 83
89 0 24
89 1 56
89 2 22
89 3 41
89 5 46
89 6 19
89 9 41
89 10 1
89 12 65
89 14 95
89 15 54
89 16 80
89 18 89
89 19 18
89 20 6
89 21 78
89 22 21
89 23 85
89 24 67
89 25 86
89 27 45
89 28 71
89 29 33
89 31 93
89 32 94
89 35 33
89 36 84
89 37 15
89 38 18
89 39 23
89 41 83
89 42 5
89 45 11
89 46 18
89 47 54
89 48 38
89 49 32
89 51 47
89 52 56
89 53 59
89 56 14
89 57 91
89 59 82
89 60 80
89 61 94
89 62 91
89 63 48
89 64 73
89 65 69
89 66 84
89 68 67
89 69 69
89 71 56
89 73 96
89 74 25
89 75 92
89 76 96
89 77 66
89 79 53
89 80 22
89 81 83
89 82 25
89 84 59
89 85 68
89 87 49
89 88 89
89 90 44
89 92 61
89 93 23
89 94 52
89 95 45
89 97 90
89 98 45
89 99 2
90 0 3
90 2 26
90 3 80
90 4 98
90 7 2
90 10 21
90 11 40
90 12 88
90 13 51
90 15 25
90 16 81
90 20 25
90 21 51
90 22 16
90 24 35
90 25 57
90 26 85
90 27 19
90 30 72
90 31 70
90 32 3
90 33 37
90 34 89
90 37 19
90 39 50
90 40 4
90 43 97
90 45 27
90 46 70
90 47 70
90 49 61
90 51 14
90 52 24
90 53 31
90 54 75
90 55 58
90 56 15
90 57 48
90 59 36
90 60 18
90 62 59
90 64 85
90 65 38
90 66 26
90 67 45
90 68 94
90 69 19
90 70 30
90 71 20
90 72 40
90 74 46
90 75 58
90 76 68
90 77 56
90 78 50
90 79 55
90 82 69
90 85 28
90 86 59
90 89 26
90 91 35
90 92 31
90 95 42
90 96 99
90 98 62
90 99 36
91 0 95
91 1 72
91 2 85
91 4 56
91 6 54
91 7 17
91 8 84
91 9 91
91 13 10
91 15 46
91 16 63
91 17 15
91 18 59
91 20 5
91 21 58
91 25 55
91 26 5
91 27 23
91 29 6
91 30 51
91 32 3
91 34 75
91 36 6
91 37 31
91 39 42
91 41 61
91 42 11
91 43 82
91 44 5
91 45 86
91 46 18
91 47 50
91 48 69
91 50 37
91 51 68
91 52 27
91 53 78
91 54 78
91 55 36
91 56 92
91 57 15
91 58 95
91 59 95
91 61 6
91 62 34
91 63 83
91 65 74
91 67 34
91 70 74
91 71 89
91 72 61
91 73 31
91 76 25
91 77 11
91 79 95
91 80 95
91 81 3
91 83 69
91 84 21
91 86 80
91 87 95
91 88 61
91 92 93
91 93 71
91 94 86
91 95 20
91 96 19
91 97 10
92 0 34
92 4 50
92 5 48
92 6 59
92 7 23
92 8 44
92 9 32
92 10 26
92 11 75
92 12 32
92 13 68
92 14 48
92 15 55
92 16 85
92 19 40
92 21 2
92 22 27
92 28 91
92 29 70
92 32 60
92 33 12
92 34 8
92 35 8
92 36 46
92 39 59
92 41 26
92 42 20
92 43 51
92 44 34
92 46 69
92 47 74
92 48 89
92 49 10
92 50 49
92 51 63
92 52 74
92 53 1
92 54 66
92 55 70
92 57 82
92 59 1
92 60 24
92 61 20
92 62 6
92 64 48
92 65 18
92 66 7
92 68 27
92 70 64
92 72 69
92 73 45
92 74 50
92 75 35
92 76 18
92 77 69
92 78 5
92 79 80
92 82 96
92 83 82
92 84 77
92 85 30
92 86 94
92 88 37
92 89 62
92 90 66
92 91 66
92 93 73
92 94 78
92 95 6
92 97 89
92 98 78
92 99 5
93 2 28
93 4 27
93 5 47
93 6 83
93 8 12
93 10 21
93 11 85
93 13 61
93 14 28
93 17 44
93 18 93
93 19 87
93 20 32
93 21 66
93 22 89
93 23 44
93 24 75
93 25 50
93 27 32
93 29 36
93 30 98
93 31 93
93 34 13
93 35 39
93 38 71
93 39 88
93 41 35
93 42 16
93 43 16
93 44 7
93 45 24
93 46 1
93 50 24
93 51 89
93 52 17
93 53 23
93 55 35
93 56 86
93 57 46
93 59 20
93 60 70
93 61 59
93 63 97
93 66 61
93 67 35
93 69 76
93 70 36
93 71 31
93 72 22
93 73 16
93 74 77
93 77 21
93 78 11
93 79 76
93 81 29
93 84 51
93 85 48
93 86 69
93 87 79
93 88 85
93 89 42
93 91 53
93 92 50
93 94 89
93 95 58
93 96 20
93 97 91
93 98 18
93 99 87
94 1 90
94 2 57
94 3 43
94 4 37
94 6 59
94 9 96
94 11 88
94 12 21
94 13 62
94 14 53
94 15 38
94 16 90
94 17 53
94 19 26
94 20 77
94 21 44
94 22 30
94 24 98
94 25 80
94 26 16
94 27 13
94 28 26
94 29 33
94 31 88
94 37 26
94 41 80
94 42 30
94 43 90
94 46 81
94 47 94
94 48 30
94 50 12
94 51 41
94 52 5
94 53 1
94 54 63
94 55 98
94 56 80
94 57 32
94 58 96
94 60 72
94 62 73
94 63 11
94 64 13
94 66 65
94 67 62
94 68 1
94 69 49
94 70 89
94 72 72
94 74 75
94 75 55
94 76 97
94 77 64
94 79 16
94 80 65
94 81 89
94 83 63
94 84 33
94 85 59
94 86 7
94 87 79
94 88 83
94 89 52
94 90 72
94 95 93
94 96 21
94 97 27
94 98 33
94 99 8
95 0 87
95 2 88
95 3 93
95 4 39
95 6 40
95 8 35
95 9 61
95 10 29
95 11 54
95 12 85
95 13 16
95 14 66
95 17 38
95 18 8
95 19 21
95 21 30
95 22 5
95 23 82
95 24 86
95 25 40
95 26 12
95 27 79
95 28 79
95 31 32
95 32 81
95 34 28
95 35 84
95 36 34
95 38 14
95 39 81
95 43 93
95 45 91
95 47 31
95 48 80
95 49 72
95 50 3
95 51 24
95 52 87
95 53 27
95 58 45
95 62 1
95 63 54
95 65 76
95 66 40
95 67 73
95 68 62
95 69 91
95 72 34
95 73 73
95 75 27
95 77 76
95 78 67
95 80 60
95 82 17
95 84 86
95 87 87
95 88 94
95 89 25
95 90 3
95 93 64
95 97 91
95 98 56
96 0 20
96 1 72
96 3 10
96 4 58
96 5 19
96 8 72
96 9 85
96 10 62
96 11 83
96 12 55
96 14 72
96 16 91
96 17 66
96 18 93
96 19 41
96 21 7
96 22 67
96 23 12
96 24 40
96 25 26
96 26 20
96 28 88
96 29 37
96 30 8
96 31 70
96 32 93
96 33 43
96 34 66
96 35 67
96 38 48
96 40 46
96 41 10
96 42 1
96 43 38
96 44 93
96 45 67
96 46 83
96 47 5
96 49 70
96 50 81
96 51 36
96 52 40
96 53 34
96 57 17
96 58 3
96 59 61
96 61 95
96 63 42
96 64 62
96 65 51
96 67 45
96 68 20
96 69 3
96 70 99
96 72 38
96 73 48
96 74 60
96 78 20
96 80 39
96 81 51
96 84 90
96 90 48
96 92 4
96 93 47
96 94 80
96 95 39
96 99 90
97 0 34
97 1 28
97 2 31
97 3 78
97 4 8
97 5 25
97 6 16
97 7 49
97 8 65
97 9 41
97 10 94
97 11 52
97 12 16
97 13 49
97 16 61
97 17 1
97 18 16
97 19 26
97 21 17
97 23 16
97 25 23
97 26 90
97 27 73
97 28 49
97 29 63
97 30 13
97 31 57
97 33 54
97 34 62
97 35 12
97 36 5
97 38 43
97 40 68
97 41 23
97 42 46
97 44 18
97 45 82
97 46 7
97 48 46
97 50 64
97 51 78
97 53 6
97 55 32
97 56 67
97 58 66
97 59 42
97 60 10
97 64 71
97 65 27
97 67 83
97 68 53
97 70 17
97 72 1
97 73 79
97 74 36
97 76 43
97 78 61
97 79 63
97 80 59
97 81 45
97 82 12
97 84 70
97 87 80
97 89 95
97 91 10
97 92 21
97 93 77
97 94 7
98 0 98
98 4 18
98 8 34
98 9 15
98 10 98
98 12 92
98 13 95
98 14 52
98 16 80
98 17 16
98 18 38
98 19 3
98 20 61
98 21 10
98 22 42
98 23 52
98 24 2
98 25 12
98 26 39
98 30 5
98 31 13
98 32 6
98 34 58
98 35 25
98 37 74
98 38 51
98 39 33
98 41 47
98 43 18
98 44 41
98 46 35
98 47 96
98 48 66
98 49 96
98 50 40
98 51 89
98 52 24
98 53 81
98 54 54
98 55 97
98 57 43
98 58 19
98 59 35
98 60 69
98 61 34
98 62 10
98 64 10
98 65 89
98 66 36
98 67 55
98 69 9
98 71 11
98 72 85
98 74 72
98 75 67
98 76 3
98 77 95
98 78 86
98 79 59
98 80 10
98 83 4
98 85 96
98 86 90
98 87 27
98 89 98
98 90 70
98 91 55
98 92 87
98 93 54
98 94 99
98 95 45
98 96 19
98 99 81
99 0 99
99 1 82
99 2 15
99 3 55
99 5 72
99 6 52
99 7 88
99 10 34
99 11 15
99 12 46
99 14 21
99 15 77
99 17 54
99 19 25
99 21 24
99 22 84
99 23 89
99 25 83
99 28 46
99 29 30
99 31 1
99 32 21
99 34 3
99 35 7
99 38 77
99 39 50
99 40 95
99 41 84
99 43 52
99 44 43
99 45 3
99 46 38
99 48 25
99 49 55
99 50 99
99 53 36
99 54 41
99 55 89
99 56 3
99 60 43
99 61 77
99 64 93
99 65 14
99 68 61
99 69 38
99 70 88
99 71 43
99 72 49
99 73 46
99 74 5
99 75 5
99 76 4
99 78 43
99 79 20
99 80 37
99 81 89
99 83 46
99 84 67
99 86 71
99 87 28
99 88 41
99 90 60
99 91 13
99 92 3
99 94 85
99 95 49
99 96 64
99 97 6
